fuel=DIE
lat=48.2914295
lon=13.7053544
rate=10000
